24
0 AND
1
3 4 10 11 13
46 47 44 41 50
2 OR
3
5 7 10 12 15
8 5 10 11 9
4 OR
5
2 7
16 12
6
1 3 4 6 15
7 5 13 12 8
7
6 8 10
26 24 28
8 JOIN 5 7
9
1 9 12 15
5 4 7 9
10
2 8 10 12
27 30 33 29
11 OR
12
2
40
13
3 6 7 9
23 24 29 21
14
1 2 5 9 10
12 14 19 18 17
15 JOIN 12 13
16
10 11 12
47 49 50
17
4 6 13
44 38 41
18
1 9 10 12
22 21 16 18
19
1 4 6 13 14
15 18 13 14 19
20
1 4 6 13
6 4 5 9
21
5 11 14
15 18 13
22
8 9 11
15 16 19
23
2 15
44 50

0 1 22
1 2
2 3 17
3 4
4 5 7
5 6
6 8
7 8
8 9
9 10
10 11
11 12 13
12 15
13 14
14 15
15 16
17 18
18 19
19 20
20 21
22 23