27
0 AND
1
1 2 11
43 45 41
2 OR
3
7
32
4
3 6 13
33 39 35
5
4 5 7 9 15
40 43 41 44 49
6
1 2 6
25 30 31
7
6 12
5 10
8 OR
9
3 5 6 11 14
7 5 9 8 10
10
5 7 9
16 19 18
11
1 4 9 10 13
12 18 14 9 15
12
6 11 12 13 14
19 11 16 20 21
13
4 7 8 10 15
31 39 30 33 40
14
5 8 14
28 27 24
15
1 4 7 8 15
50 44 47 49 48
16
1 2 8 9
17 19 20 21
17 JOIN 9 14
18
1 2 4 5 7
8 7 6 9 10
19
9 12
5 6
20
1 3 8 13 15
21 20 24 16 23
21
4 5 10 11
26 27 24 18
22 OR
23
3 11
19 20
24
7 8 14 15
19 20 15 23
25 JOIN 23 24
26
2 12 14
27 29 14

0 1 21
1 2
2 3 7
3 4
4 5
5 6
7 8
8 9 14
9 10
10 11
11 12
12 13
13 17
14 15
15 16
16 17
17 18
18 19
19 20
21 22
22 23 24
23 25
24 25
25 26