33
0 AND
1
10 11
46 44
2 OR
3
5 10
16 13
4 OR
5
4
11
6
12 13
13 14
7
7 12
11 17
8
13
46
9 JOIN 5 8
10
2 11
23 19
11
1 5 9
20 18 17
12 AND
13
2 12
29 30
14
13 15
16 13
15 JOIN 13 14
16
1
24
17 JOIN 3 11
18
4 8
21 17
19
6
33
20 OR
21
1 3 6
17 12 14
22
5 8
8 7
23
1 8
5 8
24 JOIN 21 22
25
2
42
26
2 10
15 18
27 OR
28
1 6
6 7
29
9 10 11
5 10 9
30
6 11 14
19 17 20
31 JOIN 28 30
32
6 11 14
19 17 20

0 1 19 26
1 2
2 3 11
3 4
4 5 8
5 6
6 7
7 9
8 9
9 10
10 17
11 12
12 13 14
13 15
14 15
15 16
16 17
17 18
19 20
20 21 22
21 24
22 24
24 25
26 27
27 28 30
28 29
29 31
30 31
31 32