24
0 AND
1
4 7 11
29 36 34
2 AND
3
2 8 11 12 15
35 29 27 30 33
4
1 6 7 10 14
11 9 8 19 12
5
2 3 4 5 7
19 24 22 31 37
6
1 7 10 12 13
13 8 12 9 5
7 JOIN 4 6
8
2 3 6 7
18 20 27 13
9
1 5 6 13
50 39 44 48
10 AND
11
1 12
6 9
12
3 4 5 13 14
44 36 30 39 33
13
3 4 7 12 13
39 45 41 50 40
14
2 4 9
29 36 33
15
9 14 15
40 33 35
16
2 4 6 7
11 12 14 15
17
1 8 12 13 14
10 19 20 17 16
18 JOIN 14 17
19
1 4 9 12 14
19 20 17 16 21
20
10 15
49 44
21
10 12 13
20 33 39
22
6 7 9 10 13
30 29 40 39 33
23
3 8 10 14 15
20 29 40 34 31

0 1 9 20
1 2
2 3 5
3 4
4 7
5 6
6 7
7 8
9 10
10 11 15
11 12
12 13
13 14
14 18
15 16
16 17
17 18
18 19
20 21
21 22
22 23