24
0 AND
1
3 4 5 11
35 29 30 31
2 OR
3
1 3 5 10 15
40 34 44 41 39
4
11 15
15 13
5 OR
6
2 6 7 10 14
31 33 29 27 25
7
6 12 13 14
13 9 8 14
8 
11 12
28 29
9
2 4 10 12 14
31 24 28 26 32
10
6 10 11 13
34 33 30 29
11 JOIN 6 9
12
3 4 13
41 37 40
13
1 4 5 8 9
38 29 35 30 31
14
6 10 11 14 15
48 50 44 41 47
15
6 7 9 12 13
26 32 38 29 30
16
6 10 13 14 15
23 20 25 18 22
17
2 8 10 12
14 11 17 13
18
3 5 13
27 24 26
19
4 8 13
20 19 14
20
2 3 4 7 14
27 21 28 30 29
21 JOIN 3 13
22 JOIN 19 21
23
3 7 10 14
39 34 40 35

0 1 17
1 2
2 3 13
3 4
4 5
5 6 9
6 7
7 8
8 11
9 10
10 11
11 12
12 21
13 14
14 15
15 16
16 20
17 18
18 19
19 22
20 21
22 23
