27
0 AND
1
3 4 11
38 33 36
2
2 3 6
22 21 19
3
5
14
4
5 8
17 20
5
3 6 11
36 33 39
6 OR
7
2 3 10
24 20 18
8
3 9 15
21 17 24
9 OR
10
8
38
11
8 10 15
14 19 17
12 JOIN 10 11
13
4 11
19 15
14
1 4 9 13
25 21 19 28
15
7 12
42 43
16
1 2 6
48 42 46
17 JOIN 7 14
18
7 10
10 14
19
2 13 14
14 16 13
20 AND
21
1 4 5 8
36 33 31 34
22
1 12
47 44
23
9 10 13
30 26 29
24 JOIN 21 23
25
1 5 12
18 19 15
26
9 11
24 25

0 1 5 19
1 2
2 3
3 4
5 6
6 7 14
7 8
8 9
9 10 11
10 12
11 12
12 13
13 17
14 15
15 16
16 17
17 18
19 20
20 21 22
21 24
22 23
23 24
24 25
25 26