30
0
7 8
12 17
1 AND
2 OR
3
2 5 8 12
7 6 8 11
4 OR
5
11 15
30 27
6
7
27
7
2 3 9
10 11 16
8 JOIN 5 6
9
4 11 13
46 50 49
10
3
22
11
10 5
10 9
12
1 2 6
27 28 24
13 JOIN 3 10
14
6 12 13
8 5 11
15
2 9
47 48
16 OR
17
1 8
17 30
18
9 13 14
18 19 20
19
7 11
22 20
20 OR
21
7 8 13
13 11 14
22
6 14
15 10
23 JOIN 21 22
24
4 5 7
21 26 20
25 JOIN 17 19
26
4 5 13
29 30 26
27
1 2
35 31
28
5 6 11
22 18 23
29
1 7 10
32 33 28

0 1
1 2 27
2 3 10
3 4
4 5 6
5 8
6 7
7 8
8 9
9 13
10 11
11 12
12 13
13 14
14 15
15 16
16 17 19
17 18
18 25
19 20
20 21 22
21 23
22 23
23 24
24 25
25 26
27 28
28 29
