30
0 AND
1
4
50
2 OR
3
8 5
23 21
4
12
35
5 OR
6
4 8 7
11 16 13
7
2 11
18 20
8
4 13
36 33
9 JOIN 6 8
10
1 3
38 35
11
6 15
16 17
12 OR
13
9
24
14
5 14
23 26
15 JOIN 13 14
16
1 5 8
15 16 17
17
3 10
43 49
18 AND
19
10
44
20
13 14
32 31
21
10 13
36 38
22 JOIN 20 21
23
14
28
24
2 10
39 34
25 OR
26
5 7
18 15
27
11
16
28 JOIN 26 27
29
3 12
45 48

0 1 24
1 2
2 3 17
3 4
4 5
5 6 8
6 7
7 9
8 9
9 10
10 11
11 12
12 13 14
13 15
14 15
15 16
17 18
18 19 21
19 20
20 22
21 22
22 23
23 24
24 25
25 26 27
26 28
27 28
28 29