29
0 AND
1
5 9 12 13 14
31 27 21 28 23
2 AND
3
7
21
4 OR
5
7 9 10 13
21 22 25 20
6
3 15
13 15
7
3 6 9 12 13
6 5 7 10 9
8 JOIN 5 6
9
1 2 5 6 10
37 33 39 29 32
10
4 10 11 13 15
7 8 9 5 6
11 OR
12
1 4 8 9 12
42 41 39 45 44
13
4 7 14
10 9 14
14
4 5 7 8 14
19 14 15 12 10
15 JOIN 12 14
16
3 9 10 11 15
28 24 27 22 20
17 JOIN 9 16
18
4 6
45 41
19
2
44
20
4 5 14 15
47 43 44 42
21
2 5 6 9 14
17 14 20 21 18
22
2 4 13
45 42 46
23 OR
24
1 3 5 6 15
27 25 23 28 20
25
2 7 9 10 11
10 12 17 16 11
26
2 13
9 10
27 JOIN 24 25
28
4 6 8 12
18 23 21 25

0 1 19 22
1 2
2 3 10
3 4
4 5 6
5 8
6 7
7 8
8 9
9 17
10 11
11 12 14
12 13
13 15
14 15
15 16
16 17
17 18
19 20
20 21
22 23
23 24 25
25 26
26 27
27 28